sequenceID,2,4,6,8,10,12,14,16,18,20,25,30,35,40,45,50,55,60,65,70,75,80,85,90,95,100,200,300,400,500,600,700,800,900,1000,3346
229_chr1,4.71413119716162,5.33601744830407,5.899647264261,4.42403215741333,5.76498674100958,6.05927823541176,6.17137665568139,6.03957148937893,5.94461785162633,5.78435571689528,5.1569478401808,5.15702349827188,5.336382945395,1.54548973750009,1.67067356599172,1.64617765091748,2.87630837004062,2.87559904341202,2.87685273268226,2.81128258100895,2.91299595095437,2.91731547932153,2.88660307525706,2.8855633187477,2.88521820520459,2.84190886237991,2.68868845288515,2.79367530249633,2.9407059233602,3.15831142901326,3.1388309256643,2.899838622211,2.98407889751759,2.88336838285329,2.95806100628123,3.02101474076509
501_chr1,4.71413119716162,5.33601744830407,5.899647264261,4.42403215741333,5.76498674100958,6.05927823541176,6.17137665568139,6.03957148937893,5.94461785162633,5.78435571689528,5.1569478401808,5.15702349827188,5.336382945395,1.54548973750009,1.67067356599172,1.64617765091748,2.87630837004062,2.87559904341202,2.87685273268226,2.81128258100895,2.91299595095437,2.91731547932153,2.88660307525706,2.8855633187477,2.88521820520459,2.84190886237991,2.68868845288515,2.79367530249633,2.9407059233602,3.15831142901326,3.1388309256643,2.899838622211,2.98407889751759,2.88336838285329,2.95806100628123,3.02101474076509
507_chr1,4.71413119716162,5.33601744830407,5.899647264261,4.42403215741333,5.76498674100958,6.05927823541176,6.17137665568139,6.03957148937893,5.94461785162633,5.78435571689528,5.1569478401808,5.15702349827188,5.336382945395,1.54548973750009,1.67067356599172,1.64617765091748,2.87630837004062,2.87559904341202,2.87685273268226,2.81128258100895,2.91299595095437,2.91731547932153,2.88660307525706,2.8855633187477,2.88521820520459,2.84190886237991,2.68868845288515,2.79367530249633,2.9407059233602,3.15831142901326,3.1388309256643,2.899838622211,2.98407889751759,2.88336838285329,2.95806100628123,3.02101474076509
508_chr1,4.71413119716162,5.33601744830407,5.899647264261,4.42403215741333,5.76498674100958,6.05927823541176,6.17137665568139,6.03957148937893,5.94461785162633,5.78435571689528,5.1569478401808,5.15702349827188,5.336382945395,1.54548973750009,1.67067356599172,1.64617765091748,2.87630837004062,2.87559904341202,2.87685273268226,2.81128258100895,2.91299595095437,2.91731547932153,2.88660307525706,2.8855633187477,2.88521820520459,2.84190886237991,2.68868845288515,2.79367530249633,2.9407059233602,3.15831142901326,3.1388309256643,2.899838622211,2.98407889751759,2.88336838285329,2.95806100628123,3.02101474076509
524_chr1,4.71413119716162,5.33601744830407,5.899647264261,4.42403215741333,5.76498674100958,6.05927823541176,6.17137665568139,6.03957148937893,5.94461785162633,5.78435571689528,5.1569478401808,5.15702349827188,5.336382945395,1.54548973750009,1.67067356599172,1.64617765091748,2.87630837004062,2.87559904341202,2.87685273268226,2.81128258100895,2.91299595095437,2.91731547932153,2.88660307525706,2.8855633187477,2.88521820520459,2.84190886237991,2.68868845288515,2.79367530249633,2.9407059233602,3.15831142901326,3.1388309256643,2.899838622211,2.98407889751759,2.88336838285329,2.95806100628123,3.02101474076509
541_chr1,4.71413119716162,5.33601744830407,5.899647264261,4.42403215741333,5.76498674100958,6.05927823541176,6.17137665568139,6.03957148937893,5.94461785162633,5.78435571689528,5.1569478401808,5.15702349827188,5.336382945395,1.54548973750009,1.67067356599172,1.64617765091748,2.87630837004062,2.87559904341202,2.87685273268226,2.81128258100895,2.91299595095437,2.91731547932153,2.88660307525706,2.8855633187477,2.88521820520459,2.84190886237991,2.68868845288515,2.79367530249633,2.9407059233602,3.15831142901326,3.1388309256643,2.899838622211,2.98407889751759,2.88336838285329,2.95806100628123,3.02101474076509
543_chr1,4.71413119716162,5.33601744830407,5.899647264261,4.42403215741333,5.76498674100958,6.05927823541176,6.17137665568139,6.03957148937893,5.94461785162633,5.78435571689528,5.1569478401808,5.15702349827188,5.336382945395,1.54548973750009,1.67067356599172,1.64617765091748,2.87630837004062,2.87559904341202,2.87685273268226,2.81128258100895,2.91299595095437,2.91731547932153,2.88660307525706,2.8855633187477,2.88521820520459,2.84190886237991,2.68868845288515,2.79367530249633,2.9407059233602,3.15831142901326,3.1388309256643,2.899838622211,2.98407889751759,2.88336838285329,2.95806100628123,3.02101474076509
546_chr1,4.71413119716162,5.33601744830407,5.899647264261,4.42403215741333,5.76498674100958,6.05927823541176,6.17137665568139,6.03957148937893,5.94461785162633,5.78435571689528,5.1569478401808,5.15702349827188,5.336382945395,1.54548973750009,1.67067356599172,1.64617765091748,2.87630837004062,2.87559904341202,2.87685273268226,2.81128258100895,2.91299595095437,2.91731547932153,2.88660307525706,2.8855633187477,2.88521820520459,2.84190886237991,2.68868845288515,2.79367530249633,2.9407059233602,3.15831142901326,3.1388309256643,2.899838622211,2.98407889751759,2.88336838285329,2.95806100628123,3.02101474076509
547_chr1,4.71413119716162,5.33601744830407,5.899647264261,4.42403215741333,5.76498674100958,6.05927823541176,6.17137665568139,6.03957148937893,5.94461785162633,5.78435571689528,5.1569478401808,5.15702349827188,5.336382945395,1.54548973750009,1.67067356599172,1.64617765091748,2.87630837004062,2.87559904341202,2.87685273268226,2.81128258100895,2.91299595095437,2.91731547932153,2.88660307525706,2.8855633187477,2.88521820520459,2.84190886237991,2.68868845288515,2.79367530249633,2.9407059233602,3.15831142901326,3.1388309256643,2.899838622211,2.98407889751759,2.88336838285329,2.95806100628123,3.02101474076509
563_chr1,4.71413119716162,5.33601744830407,5.899647264261,4.42403215741333,5.76498674100958,6.05927823541176,6.17137665568139,6.03957148937893,5.94461785162633,5.78435571689528,5.1569478401808,5.15702349827188,5.336382945395,1.54548973750009,1.67067356599172,1.64617765091748,2.87630837004062,2.87559904341202,2.87685273268226,2.81128258100895,2.91299595095437,2.91731547932153,2.88660307525706,2.8855633187477,2.88521820520459,2.84190886237991,2.68868845288515,2.79367530249633,2.9407059233602,3.15831142901326,3.1388309256643,2.899838622211,2.98407889751759,2.88336838285329,2.95806100628123,3.02101474076509
590_chr1,4.71413119716162,5.33601744830407,5.899647264261,4.42403215741333,5.76498674100958,6.05927823541176,6.17137665568139,6.03957148937893,5.94461785162633,5.78435571689528,5.1569478401808,5.15702349827188,5.336382945395,1.54548973750009,1.67067356599172,1.64617765091748,2.87630837004062,2.87559904341202,2.87685273268226,2.81128258100895,2.91299595095437,2.91731547932153,2.88660307525706,2.8855633187477,2.88521820520459,2.84190886237991,2.68868845288515,2.79367530249633,2.9407059233602,3.15831142901326,3.1388309256643,2.899838622211,2.98407889751759,2.88336838285329,2.95806100628123,3.02101474076509
599_chr1,4.71413119716162,5.33601744830407,5.899647264261,4.42403215741333,5.76498674100958,6.05927823541176,6.17137665568139,6.03957148937893,5.94461785162633,5.78435571689528,5.1569478401808,5.15702349827188,5.336382945395,1.54548973750009,1.67067356599172,1.64617765091748,2.87630837004062,2.87559904341202,2.87685273268226,2.81128258100895,2.91299595095437,2.91731547932153,2.88660307525706,2.8855633187477,2.88521820520459,2.84190886237991,2.68868845288515,2.79367530249633,2.9407059233602,3.15831142901326,3.1388309256643,2.899838622211,2.98407889751759,2.88336838285329,2.95806100628123,3.02101474076509
229_chr2,4.78280610132182,5.41223360221669,5.98263030909812,4.48924333632258,5.84608086769659,6.14453018229888,6.25832414978259,6.12459091128968,6.02830402946751,5.86571504524187,5.23108803011955,5.23117707590847,5.41206656132547,1.5710654641699,1.69702762906509,1.67276140665026,2.91943480673131,2.91874950553609,2.91998876504232,2.85127111834026,2.9542805356445,2.95884718805691,2.92543715871865,2.92431921389349,2.92598426408952,2.88257586479749,2.72865747587997,2.83239594322213,2.97962656154773,3.19947841620388,3.17961115115697,2.93778683873823,3.02287566905776,2.92019596434644,2.99569915906496,3.05837379450986
501_chr2,4.78280610132182,5.41223360221669,5.98263030909812,4.48924333632258,5.84608086769659,6.14453018229888,6.25832414978259,6.12459091128968,6.02830402946751,5.86571504524187,5.23108803011955,5.23117707590847,5.41206656132547,1.5710654641699,1.69702762906509,1.67276140665026,2.91943480673131,2.91874950553609,2.91998876504232,2.85127111834026,2.9542805356445,2.95884718805691,2.92543715871865,2.92431921389349,2.92598426408952,2.88257586479749,2.72865747587997,2.83239594322213,2.97962656154773,3.19947841620388,3.17961115115697,2.93778683873823,3.02287566905776,2.92019596434644,2.99569915906496,3.05837379450986
507_chr2,4.78280610132182,5.41223360221669,5.98263030909812,4.48924333632258,5.84608086769659,6.14453018229888,6.25832414978259,6.12459091128968,6.02830402946751,5.86571504524187,5.23108803011955,5.23117707590847,5.41206656132547,1.5710654641699,1.69702762906509,1.67276140665026,2.91943480673131,2.91874950553609,2.91998876504232,2.85127111834026,2.9542805356445,2.95884718805691,2.92543715871865,2.92431921389349,2.92598426408952,2.88257586479749,2.72865747587997,2.83239594322213,2.97962656154773,3.19947841620388,3.17961115115697,2.93778683873823,3.02287566905776,2.92019596434644,2.99569915906496,3.05837379450986
508_chr2,4.78280610132182,5.41223360221669,5.98263030909812,4.48924333632258,5.84608086769659,6.14453018229888,6.25832414978259,6.12459091128968,6.02830402946751,5.86571504524187,5.23108803011955,5.23117707590847,5.41206656132547,1.5710654641699,1.69702762906509,1.67276140665026,2.91943480673131,2.91874950553609,2.91998876504232,2.85127111834026,2.9542805356445,2.95884718805691,2.92543715871865,2.92431921389349,2.92598426408952,2.88257586479749,2.72865747587997,2.83239594322213,2.97962656154773,3.19947841620388,3.17961115115697,2.93778683873823,3.02287566905776,2.92019596434644,2.99569915906496,3.05837379450986
524_chr2,4.78280610132182,5.41223360221669,5.98263030909812,4.48924333632258,5.84608086769659,6.14453018229888,6.25832414978259,6.12459091128968,6.02830402946751,5.86571504524187,5.23108803011955,5.23117707590847,5.41206656132547,1.5710654641699,1.69702762906509,1.67276140665026,2.91943480673131,2.91874950553609,2.91998876504232,2.85127111834026,2.9542805356445,2.95884718805691,2.92543715871865,2.92431921389349,2.92598426408952,2.88257586479749,2.72865747587997,2.83239594322213,2.97962656154773,3.19947841620388,3.17961115115697,2.93778683873823,3.02287566905776,2.92019596434644,2.99569915906496,3.05837379450986
541_chr2,4.78280610132182,5.41223360221669,5.98263030909812,4.48924333632258,5.84608086769659,6.14453018229888,6.25832414978259,6.12459091128968,6.02830402946751,5.86571504524187,5.23108803011955,5.23117707590847,5.41206656132547,1.5710654641699,1.69702762906509,1.67276140665026,2.91943480673131,2.91874950553609,2.91998876504232,2.85127111834026,2.9542805356445,2.95884718805691,2.92543715871865,2.92431921389349,2.92598426408952,2.88257586479749,2.72865747587997,2.83239594322213,2.97962656154773,3.19947841620388,3.17961115115697,2.93778683873823,3.02287566905776,2.92019596434644,2.99569915906496,3.05837379450986
543_chr2,4.78280610132182,5.41223360221669,5.98263030909812,4.48924333632258,5.84608086769659,6.14453018229888,6.25832414978259,6.12459091128968,6.02830402946751,5.86571504524187,5.23108803011955,5.23117707590847,5.41206656132547,1.5710654641699,1.69702762906509,1.67276140665026,2.91943480673131,2.91874950553609,2.91998876504232,2.85127111834026,2.9542805356445,2.95884718805691,2.92543715871865,2.92431921389349,2.92598426408952,2.88257586479749,2.72865747587997,2.83239594322213,2.97962656154773,3.19947841620388,3.17961115115697,2.93778683873823,3.02287566905776,2.92019596434644,2.99569915906496,3.05837379450986
546_chr2,4.78280610132182,5.41223360221669,5.98263030909812,4.48924333632258,5.84608086769659,6.14453018229888,6.25832414978259,6.12459091128968,6.02830402946751,5.86571504524187,5.23108803011955,5.23117707590847,5.41206656132547,1.5710654641699,1.69702762906509,1.67276140665026,2.91943480673131,2.91874950553609,2.91998876504232,2.85127111834026,2.9542805356445,2.95884718805691,2.92543715871865,2.92431921389349,2.92598426408952,2.88257586479749,2.72865747587997,2.83239594322213,2.97962656154773,3.19947841620388,3.17961115115697,2.93778683873823,3.02287566905776,2.92019596434644,2.99569915906496,3.05837379450986
547_chr2,4.78280610132182,5.41223360221669,5.98263030909812,4.48924333632258,5.84608086769659,6.14453018229888,6.25832414978259,6.12459091128968,6.02830402946751,5.86571504524187,5.23108803011955,5.23117707590847,5.41206656132547,1.5710654641699,1.69702762906509,1.67276140665026,2.91943480673131,2.91874950553609,2.91998876504232,2.85127111834026,2.9542805356445,2.95884718805691,2.92543715871865,2.92431921389349,2.92598426408952,2.88257586479749,2.72865747587997,2.83239594322213,2.97962656154773,3.19947841620388,3.17961115115697,2.93778683873823,3.02287566905776,2.92019596434644,2.99569915906496,3.05837379450986
563_chr2,4.78280610132182,5.41223360221669,5.98263030909812,4.48924333632258,5.84608086769659,6.14453018229888,6.25832414978259,6.12459091128968,6.02830402946751,5.86571504524187,5.23108803011955,5.23117707590847,5.41206656132547,1.5710654641699,1.69702762906509,1.67276140665026,2.91943480673131,2.91874950553609,2.91998876504232,2.85127111834026,2.9542805356445,2.95884718805691,2.92543715871865,2.92431921389349,2.92598426408952,2.88257586479749,2.72865747587997,2.83239594322213,2.97962656154773,3.19947841620388,3.17961115115697,2.93778683873823,3.02287566905776,2.92019596434644,2.99569915906496,3.05837379450986
590_chr2,4.78280610132182,5.41223360221669,5.98263030909812,4.48924333632258,5.84608086769659,6.14453018229888,6.25832414978259,6.12459091128968,6.02830402946751,5.86571504524187,5.23108803011955,5.23117707590847,5.41206656132547,1.5710654641699,1.69702762906509,1.67276140665026,2.91943480673131,2.91874950553609,2.91998876504232,2.85127111834026,2.9542805356445,2.95884718805691,2.92543715871865,2.92431921389349,2.92598426408952,2.88257586479749,2.72865747587997,2.83239594322213,2.97962656154773,3.19947841620388,3.17961115115697,2.93778683873823,3.02287566905776,2.92019596434644,2.99569915906496,3.05837379450986
599_chr2,4.78280610132182,5.41223360221669,5.98263030909812,4.48924333632258,5.84608086769659,6.14453018229888,6.25832414978259,6.12459091128968,6.02830402946751,5.86571504524187,5.23108803011955,5.23117707590847,5.41206656132547,1.5710654641699,1.69702762906509,1.67276140665026,2.91943480673131,2.91874950553609,2.91998876504232,2.85127111834026,2.9542805356445,2.95884718805691,2.92543715871865,2.92431921389349,2.92598426408952,2.88257586479749,2.72865747587997,2.83239594322213,2.97962656154773,3.19947841620388,3.17961115115697,2.93778683873823,3.02287566905776,2.92019596434644,2.99569915906496,3.05837379450986
229_chr3,4.53045665554699,5.13217344874236,5.67770486902021,4.24962152603672,5.54809635391662,5.83126754565936,5.93883113823404,5.81218269956174,5.72079489122431,5.56675603440754,4.95865611238375,4.95869596439263,5.13396324588817,1.47708614917355,1.60018827716784,1.57507803733484,2.76096451062791,2.76019092674964,2.76148320916134,2.70433119383214,2.80257821886668,2.80623680134259,2.78273933396672,2.78190869610473,2.77618729688824,2.73314288564893,2.58178925779879,2.6901149696017,2.83661068703096,3.0482082174492,3.0297621280314,2.79834417731927,2.8803149488684,2.78487113364343,2.85739584272095,2.92109604185113
501_chr3,4.53045665554699,5.13217344874236,5.67770486902021,4.24962152603672,5.54809635391662,5.83126754565936,5.93883113823404,5.81218269956174,5.72079489122431,5.56675603440754,4.95865611238375,4.95869596439263,5.13396324588817,1.47708614917355,1.60018827716784,1.57507803733484,2.76096451062791,2.76019092674964,2.76148320916134,2.70433119383214,2.80257821886668,2.80623680134259,2.78273933396672,2.78190869610473,2.77618729688824,2.73314288564893,2.58178925779879,2.6901149696017,2.83661068703096,3.0482082174492,3.0297621280314,2.79834417731927,2.8803149488684,2.78487113364343,2.85739584272095,2.92109604185113
507_chr3,4.53045665554699,5.13217344874236,5.67770486902021,4.24962152603672,5.54809635391662,5.83126754565936,5.93883113823404,5.81218269956174,5.72079489122431,5.56675603440754,4.95865611238375,4.95869596439263,5.13396324588817,1.47708614917355,1.60018827716784,1.57507803733484,2.76096451062791,2.76019092674964,2.76148320916134,2.70433119383214,2.80257821886668,2.80623680134259,2.78273933396672,2.78190869610473,2.77618729688824,2.73314288564893,2.58178925779879,2.6901149696017,2.83661068703096,3.0482082174492,3.0297621280314,2.79834417731927,2.8803149488684,2.78487113364343,2.85739584272095,2.92109604185113
508_chr3,4.53045665554699,5.13217344874236,5.67770486902021,4.24962152603672,5.54809635391662,5.83126754565936,5.93883113823404,5.81218269956174,5.72079489122431,5.56675603440754,4.95865611238375,4.95869596439263,5.13396324588817,1.47708614917355,1.60018827716784,1.57507803733484,2.76096451062791,2.76019092674964,2.76148320916134,2.70433119383214,2.80257821886668,2.80623680134259,2.78273933396672,2.78190869610473,2.77618729688824,2.73314288564893,2.58178925779879,2.6901149696017,2.83661068703096,3.0482082174492,3.0297621280314,2.79834417731927,2.8803149488684,2.78487113364343,2.85739584272095,2.92109604185113
524_chr3,4.53045665554699,5.13217344874236,5.67770486902021,4.24962152603672,5.54809635391662,5.83126754565936,5.93883113823404,5.81218269956174,5.72079489122431,5.56675603440754,4.95865611238375,4.95869596439263,5.13396324588817,1.47708614917355,1.60018827716784,1.57507803733484,2.76096451062791,2.76019092674964,2.76148320916134,2.70433119383214,2.80257821886668,2.80623680134259,2.78273933396672,2.78190869610473,2.77618729688824,2.73314288564893,2.58178925779879,2.6901149696017,2.83661068703096,3.0482082174492,3.0297621280314,2.79834417731927,2.8803149488684,2.78487113364343,2.85739584272095,2.92109604185113
541_chr3,4.53045665554699,5.13217344874236,5.67770486902021,4.24962152603672,5.54809635391662,5.83126754565936,5.93883113823404,5.81218269956174,5.72079489122431,5.56675603440754,4.95865611238375,4.95869596439263,5.13396324588817,1.47708614917355,1.60018827716784,1.57507803733484,2.76096451062791,2.76019092674964,2.76148320916134,2.70433119383214,2.80257821886668,2.80623680134259,2.78273933396672,2.78190869610473,2.77618729688824,2.73314288564893,2.58178925779879,2.6901149696017,2.83661068703096,3.0482082174492,3.0297621280314,2.79834417731927,2.8803149488684,2.78487113364343,2.85739584272095,2.92109604185113
543_chr3,4.53045665554699,5.13217344874236,5.67770486902021,4.24962152603672,5.54809635391662,5.83126754565936,5.93883113823404,5.81218269956174,5.72079489122431,5.56675603440754,4.95865611238375,4.95869596439263,5.13396324588817,1.47708614917355,1.60018827716784,1.57507803733484,2.76096451062791,2.76019092674964,2.76148320916134,2.70433119383214,2.80257821886668,2.80623680134259,2.78273933396672,2.78190869610473,2.77618729688824,2.73314288564893,2.58178925779879,2.6901149696017,2.83661068703096,3.0482082174492,3.0297621280314,2.79834417731927,2.8803149488684,2.78487113364343,2.85739584272095,2.92109604185113
546_chr3,4.53045665554699,5.13217344874236,5.67770486902021,4.24962152603672,5.54809635391662,5.83126754565936,5.93883113823404,5.81218269956174,5.72079489122431,5.56675603440754,4.95865611238375,4.95869596439263,5.13396324588817,1.47708614917355,1.60018827716784,1.57507803733484,2.76096451062791,2.76019092674964,2.76148320916134,2.70433119383214,2.80257821886668,2.80623680134259,2.78273933396672,2.78190869610473,2.77618729688824,2.73314288564893,2.58178925779879,2.6901149696017,2.83661068703096,3.0482082174492,3.0297621280314,2.79834417731927,2.8803149488684,2.78487113364343,2.85739584272095,2.92109604185113
547_chr3,4.53045665554699,5.13217344874236,5.67770486902021,4.24962152603672,5.54809635391662,5.83126754565936,5.93883113823404,5.81218269956174,5.72079489122431,5.56675603440754,4.95865611238375,4.95869596439263,5.13396324588817,1.47708614917355,1.60018827716784,1.57507803733484,2.76096451062791,2.76019092674964,2.76148320916134,2.70433119383214,2.80257821886668,2.80623680134259,2.78273933396672,2.78190869610473,2.77618729688824,2.73314288564893,2.58178925779879,2.6901149696017,2.83661068703096,3.0482082174492,3.0297621280314,2.79834417731927,2.8803149488684,2.78487113364343,2.85739584272095,2.92109604185113
563_chr3,4.53045665554699,5.13217344874236,5.67770486902021,4.24962152603672,5.54809635391662,5.83126754565936,5.93883113823404,5.81218269956174,5.72079489122431,5.56675603440754,4.95865611238375,4.95869596439263,5.13396324588817,1.47708614917355,1.60018827716784,1.57507803733484,2.76096451062791,2.76019092674964,2.76148320916134,2.70433119383214,2.80257821886668,2.80623680134259,2.78273933396672,2.78190869610473,2.77618729688824,2.73314288564893,2.58178925779879,2.6901149696017,2.83661068703096,3.0482082174492,3.0297621280314,2.79834417731927,2.8803149488684,2.78487113364343,2.85739584272095,2.92109604185113
590_chr3,4.53045665554699,5.13217344874236,5.67770486902021,4.24962152603672,5.54809635391662,5.83126754565936,5.93883113823404,5.81218269956174,5.72079489122431,5.56675603440754,4.95865611238375,4.95869596439263,5.13396324588817,1.47708614917355,1.60018827716784,1.57507803733484,2.76096451062791,2.76019092674964,2.76148320916134,2.70433119383214,2.80257821886668,2.80623680134259,2.78273933396672,2.78190869610473,2.77618729688824,2.73314288564893,2.58178925779879,2.6901149696017,2.83661068703096,3.0482082174492,3.0297621280314,2.79834417731927,2.8803149488684,2.78487113364343,2.85739584272095,2.92109604185113
599_chr3,4.53045665554699,5.13217344874236,5.67770486902021,4.24962152603672,5.54809635391662,5.83126754565936,5.93883113823404,5.81218269956174,5.72079489122431,5.56675603440754,4.95865611238375,4.95869596439263,5.13396324588817,1.47708614917355,1.60018827716784,1.57507803733484,2.76096451062791,2.76019092674964,2.76148320916134,2.70433119383214,2.80257821886668,2.80623680134259,2.78273933396672,2.78190869610473,2.77618729688824,2.73314288564893,2.58178925779879,2.6901149696017,2.83661068703096,3.0482082174492,3.0297621280314,2.79834417731927,2.8803149488684,2.78487113364343,2.85739584272095,2.92109604185113
229_chr4,4.48119493154069,5.07750225284077,5.61817966251344,4.20284439344604,5.48992610182469,5.77011481556225,5.87646216211633,5.75119676374488,5.66076531497127,5.50839554847225,4.9054740421763,4.90550429095261,5.07967404890482,1.45874022785228,1.58128404137107,1.5560090389289,2.73002915443613,2.72923833668935,2.73054096982612,2.67564670837825,2.77296405570781,2.77644537173302,2.75488295870247,2.75410840670301,2.74694508146513,2.70397172518272,2.55311877032378,2.66233996881929,2.80869222453015,3.0186784090577,3.00050975064986,2.7711232500831,2.85248533810565,2.75845405774766,2.8303973296948,2.89429773150448
501_chr4,4.48119493154069,5.07750225284077,5.61817966251344,4.20284439344604,5.48992610182469,5.77011481556225,5.87646216211633,5.75119676374488,5.66076531497127,5.50839554847225,4.9054740421763,4.90550429095261,5.07967404890482,1.45874022785228,1.58128404137107,1.5560090389289,2.73002915443613,2.72923833668935,2.73054096982612,2.67564670837825,2.77296405570781,2.77644537173302,2.75488295870247,2.75410840670301,2.74694508146513,2.70397172518272,2.55311877032378,2.66233996881929,2.80869222453015,3.0186784090577,3.00050975064986,2.7711232500831,2.85248533810565,2.75845405774766,2.8303973296948,2.89429773150448
507_chr4,4.48119493154069,5.07750225284077,5.61817966251344,4.20284439344604,5.48992610182469,5.77011481556225,5.87646216211633,5.75119676374488,5.66076531497127,5.50839554847225,4.9054740421763,4.90550429095261,5.07967404890482,1.45874022785228,1.58128404137107,1.5560090389289,2.73002915443613,2.72923833668935,2.73054096982612,2.67564670837825,2.77296405570781,2.77644537173302,2.75488295870247,2.75410840670301,2.74694508146513,2.70397172518272,2.55311877032378,2.66233996881929,2.80869222453015,3.0186784090577,3.00050975064986,2.7711232500831,2.85248533810565,2.75845405774766,2.8303973296948,2.89429773150448
508_chr4,4.48119493154069,5.07750225284077,5.61817966251344,4.20284439344604,5.48992610182469,5.77011481556225,5.87646216211633,5.75119676374488,5.66076531497127,5.50839554847225,4.9054740421763,4.90550429095261,5.07967404890482,1.45874022785228,1.58128404137107,1.5560090389289,2.73002915443613,2.72923833668935,2.73054096982612,2.67564670837825,2.77296405570781,2.77644537173302,2.75488295870247,2.75410840670301,2.74694508146513,2.70397172518272,2.55311877032378,2.66233996881929,2.80869222453015,3.0186784090577,3.00050975064986,2.7711232500831,2.85248533810565,2.75845405774766,2.8303973296948,2.89429773150448
524_chr4,4.48119493154069,5.07750225284077,5.61817966251344,4.20284439344604,5.48992610182469,5.77011481556225,5.87646216211633,5.75119676374488,5.66076531497127,5.50839554847225,4.9054740421763,4.90550429095261,5.07967404890482,1.45874022785228,1.58128404137107,1.5560090389289,2.73002915443613,2.72923833668935,2.73054096982612,2.67564670837825,2.77296405570781,2.77644537173302,2.75488295870247,2.75410840670301,2.74694508146513,2.70397172518272,2.55311877032378,2.66233996881929,2.80869222453015,3.0186784090577,3.00050975064986,2.7711232500831,2.85248533810565,2.75845405774766,2.8303973296948,2.89429773150448
541_chr4,4.48119493154069,5.07750225284077,5.61817966251344,4.20284439344604,5.48992610182469,5.77011481556225,5.87646216211633,5.75119676374488,5.66076531497127,5.50839554847225,4.9054740421763,4.90550429095261,5.07967404890482,1.45874022785228,1.58128404137107,1.5560090389289,2.73002915443613,2.72923833668935,2.73054096982612,2.67564670837825,2.77296405570781,2.77644537173302,2.75488295870247,2.75410840670301,2.74694508146513,2.70397172518272,2.55311877032378,2.66233996881929,2.80869222453015,3.0186784090577,3.00050975064986,2.7711232500831,2.85248533810565,2.75845405774766,2.8303973296948,2.89429773150448
543_chr4,4.48119493154069,5.07750225284077,5.61817966251344,4.20284439344604,5.48992610182469,5.77011481556225,5.87646216211633,5.75119676374488,5.66076531497127,5.50839554847225,4.9054740421763,4.90550429095261,5.07967404890482,1.45874022785228,1.58128404137107,1.5560090389289,2.73002915443613,2.72923833668935,2.73054096982612,2.67564670837825,2.77296405570781,2.77644537173302,2.75488295870247,2.75410840670301,2.74694508146513,2.70397172518272,2.55311877032378,2.66233996881929,2.80869222453015,3.0186784090577,3.00050975064986,2.7711232500831,2.85248533810565,2.75845405774766,2.8303973296948,2.89429773150448
546_chr4,4.48119493154069,5.07750225284077,5.61817966251344,4.20284439344604,5.48992610182469,5.77011481556225,5.87646216211633,5.75119676374488,5.66076531497127,5.50839554847225,4.9054740421763,4.90550429095261,5.07967404890482,1.45874022785228,1.58128404137107,1.5560090389289,2.73002915443613,2.72923833668935,2.73054096982612,2.67564670837825,2.77296405570781,2.77644537173302,2.75488295870247,2.75410840670301,2.74694508146513,2.70397172518272,2.55311877032378,2.66233996881929,2.80869222453015,3.0186784090577,3.00050975064986,2.7711232500831,2.85248533810565,2.75845405774766,2.8303973296948,2.89429773150448
547_chr4,4.48119493154069,5.07750225284077,5.61817966251344,4.20284439344604,5.48992610182469,5.77011481556225,5.87646216211633,5.75119676374488,5.66076531497127,5.50839554847225,4.9054740421763,4.90550429095261,5.07967404890482,1.45874022785228,1.58128404137107,1.5560090389289,2.73002915443613,2.72923833668935,2.73054096982612,2.67564670837825,2.77296405570781,2.77644537173302,2.75488295870247,2.75410840670301,2.74694508146513,2.70397172518272,2.55311877032378,2.66233996881929,2.80869222453015,3.0186784090577,3.00050975064986,2.7711232500831,2.85248533810565,2.75845405774766,2.8303973296948,2.89429773150448
563_chr4,4.48119493154069,5.07750225284077,5.61817966251344,4.20284439344604,5.48992610182469,5.77011481556225,5.87646216211633,5.75119676374488,5.66076531497127,5.50839554847225,4.9054740421763,4.90550429095261,5.07967404890482,1.45874022785228,1.58128404137107,1.5560090389289,2.73002915443613,2.72923833668935,2.73054096982612,2.67564670837825,2.77296405570781,2.77644537173302,2.75488295870247,2.75410840670301,2.74694508146513,2.70397172518272,2.55311877032378,2.66233996881929,2.80869222453015,3.0186784090577,3.00050975064986,2.7711232500831,2.85248533810565,2.75845405774766,2.8303973296948,2.89429773150448
590_chr4,4.48119493154069,5.07750225284077,5.61817966251344,4.20284439344604,5.48992610182469,5.77011481556225,5.87646216211633,5.75119676374488,5.66076531497127,5.50839554847225,4.9054740421763,4.90550429095261,5.07967404890482,1.45874022785228,1.58128404137107,1.5560090389289,2.73002915443613,2.72923833668935,2.73054096982612,2.67564670837825,2.77296405570781,2.77644537173302,2.75488295870247,2.75410840670301,2.74694508146513,2.70397172518272,2.55311877032378,2.66233996881929,2.80869222453015,3.0186784090577,3.00050975064986,2.7711232500831,2.85248533810565,2.75845405774766,2.8303973296948,2.89429773150448
599_chr4,4.48119493154069,5.07750225284077,5.61817966251344,4.20284439344604,5.48992610182469,5.77011481556225,5.87646216211633,5.75119676374488,5.66076531497127,5.50839554847225,4.9054740421763,4.90550429095261,5.07967404890482,1.45874022785228,1.58128404137107,1.5560090389289,2.73002915443613,2.72923833668935,2.73054096982612,2.67564670837825,2.77296405570781,2.77644537173302,2.75488295870247,2.75410840670301,2.74694508146513,2.70397172518272,2.55311877032378,2.66233996881929,2.80869222453015,3.0186784090577,3.00050975064986,2.7711232500831,2.85248533810565,2.75845405774766,2.8303973296948,2.89429773150448
229_chr11,4.00872957701462,4.55315507508655,5.04727804746105,3.75420856148979,4.93201974893359,5.18360374863593,5.27828617442435,5.16628540775719,5.0850263290029,4.9486646776201,4.39540895286315,4.39534709778462,4.55899059299504,1.28278592669844,1.39997498960863,1.37311976182667,2.43333056490504,2.43237445846892,2.43377636460293,2.40053604461755,2.48893692555587,2.49071809287196,2.48771463521156,2.48747799834722,2.46648527304998,2.42419339931982,2.27814236008726,2.39595210163978,2.54092842719369,2.73546031890334,2.71995247968371,2.51004945909032,2.58557371086215,2.50508994229275,2.57145669605098,2.63727722615208
501_chr11,4.00872957701462,4.55315507508655,5.04727804746105,3.75420856148979,4.93201974893359,5.18360374863593,5.27828617442435,5.16628540775719,5.0850263290029,4.9486646776201,4.39540895286315,4.39534709778462,4.55899059299504,1.28278592669844,1.39997498960863,1.37311976182667,2.43333056490504,2.43237445846892,2.43377636460293,2.40053604461755,2.48893692555587,2.49071809287196,2.48771463521156,2.48747799834722,2.46648527304998,2.42419339931982,2.27814236008726,2.39595210163978,2.54092842719369,2.73546031890334,2.71995247968371,2.51004945909032,2.58557371086215,2.50508994229275,2.57145669605098,2.63727722615208
507_chr11,4.00872957701462,4.55315507508655,5.04727804746105,3.75420856148979,4.93201974893359,5.18360374863593,5.27828617442435,5.16628540775719,5.0850263290029,4.9486646776201,4.39540895286315,4.39534709778462,4.55899059299504,1.28278592669844,1.39997498960863,1.37311976182667,2.43333056490504,2.43237445846892,2.43377636460293,2.40053604461755,2.48893692555587,2.49071809287196,2.48771463521156,2.48747799834722,2.46648527304998,2.42419339931982,2.27814236008726,2.39595210163978,2.54092842719369,2.73546031890334,2.71995247968371,2.51004945909032,2.58557371086215,2.50508994229275,2.57145669605098,2.63727722615208
508_chr11,4.00872957701462,4.55315507508655,5.04727804746105,3.75420856148979,4.93201974893359,5.18360374863593,5.27828617442435,5.16628540775719,5.0850263290029,4.9486646776201,4.39540895286315,4.39534709778462,4.55899059299504,1.28278592669844,1.39997498960863,1.37311976182667,2.43333056490504,2.43237445846892,2.43377636460293,2.40053604461755,2.48893692555587,2.49071809287196,2.48771463521156,2.48747799834722,2.46648527304998,2.42419339931982,2.27814236008726,2.39595210163978,2.54092842719369,2.73546031890334,2.71995247968371,2.51004945909032,2.58557371086215,2.50508994229275,2.57145669605098,2.63727722615208
524_chr11,4.00872957701462,4.55315507508655,5.04727804746105,3.75420856148979,4.93201974893359,5.18360374863593,5.27828617442435,5.16628540775719,5.0850263290029,4.9486646776201,4.39540895286315,4.39534709778462,4.55899059299504,1.28278592669844,1.39997498960863,1.37311976182667,2.43333056490504,2.43237445846892,2.43377636460293,2.40053604461755,2.48893692555587,2.49071809287196,2.48771463521156,2.48747799834722,2.46648527304998,2.42419339931982,2.27814236008726,2.39595210163978,2.54092842719369,2.73546031890334,2.71995247968371,2.51004945909032,2.58557371086215,2.50508994229275,2.57145669605098,2.63727722615208
541_chr11,4.00872957701462,4.55315507508655,5.04727804746105,3.75420856148979,4.93201974893359,5.18360374863593,5.27828617442435,5.16628540775719,5.0850263290029,4.9486646776201,4.39540895286315,4.39534709778462,4.55899059299504,1.28278592669844,1.39997498960863,1.37311976182667,2.43333056490504,2.43237445846892,2.43377636460293,2.40053604461755,2.48893692555587,2.49071809287196,2.48771463521156,2.48747799834722,2.46648527304998,2.42419339931982,2.27814236008726,2.39595210163978,2.54092842719369,2.73546031890334,2.71995247968371,2.51004945909032,2.58557371086215,2.50508994229275,2.57145669605098,2.63727722615208
543_chr11,4.00872957701462,4.55315507508655,5.04727804746105,3.75420856148979,4.93201974893359,5.18360374863593,5.27828617442435,5.16628540775719,5.0850263290029,4.9486646776201,4.39540895286315,4.39534709778462,4.55899059299504,1.28278592669844,1.39997498960863,1.37311976182667,2.43333056490504,2.43237445846892,2.43377636460293,2.40053604461755,2.48893692555587,2.49071809287196,2.48771463521156,2.48747799834722,2.46648527304998,2.42419339931982,2.27814236008726,2.39595210163978,2.54092842719369,2.73546031890334,2.71995247968371,2.51004945909032,2.58557371086215,2.50508994229275,2.57145669605098,2.63727722615208
546_chr11,4.00872957701462,4.55315507508655,5.04727804746105,3.75420856148979,4.93201974893359,5.18360374863593,5.27828617442435,5.16628540775719,5.0850263290029,4.9486646776201,4.39540895286315,4.39534709778462,4.55899059299504,1.28278592669844,1.39997498960863,1.37311976182667,2.43333056490504,2.43237445846892,2.43377636460293,2.40053604461755,2.48893692555587,2.49071809287196,2.48771463521156,2.48747799834722,2.46648527304998,2.42419339931982,2.27814236008726,2.39595210163978,2.54092842719369,2.73546031890334,2.71995247968371,2.51004945909032,2.58557371086215,2.50508994229275,2.57145669605098,2.63727722615208
547_chr11,4.00872957701462,4.55315507508655,5.04727804746105,3.75420856148979,4.93201974893359,5.18360374863593,5.27828617442435,5.16628540775719,5.0850263290029,4.9486646776201,4.39540895286315,4.39534709778462,4.55899059299504,1.28278592669844,1.39997498960863,1.37311976182667,2.43333056490504,2.43237445846892,2.43377636460293,2.40053604461755,2.48893692555587,2.49071809287196,2.48771463521156,2.48747799834722,2.46648527304998,2.42419339931982,2.27814236008726,2.39595210163978,2.54092842719369,2.73546031890334,2.71995247968371,2.51004945909032,2.58557371086215,2.50508994229275,2.57145669605098,2.63727722615208
563_chr11,4.00872957701462,4.55315507508655,5.04727804746105,3.75420856148979,4.93201974893359,5.18360374863593,5.27828617442435,5.16628540775719,5.0850263290029,4.9486646776201,4.39540895286315,4.39534709778462,4.55899059299504,1.28278592669844,1.39997498960863,1.37311976182667,2.43333056490504,2.43237445846892,2.43377636460293,2.40053604461755,2.48893692555587,2.49071809287196,2.48771463521156,2.48747799834722,2.46648527304998,2.42419339931982,2.27814236008726,2.39595210163978,2.54092842719369,2.73546031890334,2.71995247968371,2.51004945909032,2.58557371086215,2.50508994229275,2.57145669605098,2.63727722615208
590_chr11,4.00872957701462,4.55315507508655,5.04727804746105,3.75420856148979,4.93201974893359,5.18360374863593,5.27828617442435,5.16628540775719,5.0850263290029,4.9486646776201,4.39540895286315,4.39534709778462,4.55899059299504,1.28278592669844,1.39997498960863,1.37311976182667,2.43333056490504,2.43237445846892,2.43377636460293,2.40053604461755,2.48893692555587,2.49071809287196,2.48771463521156,2.48747799834722,2.46648527304998,2.42419339931982,2.27814236008726,2.39595210163978,2.54092842719369,2.73546031890334,2.71995247968371,2.51004945909032,2.58557371086215,2.50508994229275,2.57145669605098,2.63727722615208
599_chr11,4.00872957701462,4.55315507508655,5.04727804746105,3.75420856148979,4.93201974893359,5.18360374863593,5.27828617442435,5.16628540775719,5.0850263290029,4.9486646776201,4.39540895286315,4.39534709778462,4.55899059299504,1.28278592669844,1.39997498960863,1.37311976182667,2.43333056490504,2.43237445846892,2.43377636460293,2.40053604461755,2.48893692555587,2.49071809287196,2.48771463521156,2.48747799834722,2.46648527304998,2.42419339931982,2.27814236008726,2.39595210163978,2.54092842719369,2.73546031890334,2.71995247968371,2.51004945909032,2.58557371086215,2.50508994229275,2.57145669605098,2.63727722615208
229_chr17,3.29972413193189,3.76629313784585,4.19055416326282,3.08096290512782,4.09479721344666,4.30345553021435,4.38063298498195,4.28853779660805,4.22104324095733,4.10870417805466,3.62997944103707,3.62977937024816,3.77762662235037,1.01873998891971,1.12789344180647,1.09866684782877,1.98808963134089,1.98688548432436,1.98843636454699,1.98769104606243,2.06271142584501,2.0619412638823,2.08678831480719,2.08735890064423,2.0456130770502,2.0043438705604,1.86549882917152,1.99619697351254,2.13910850857127,2.31044890559707,2.29893402644266,2.11826890288858,2.18503260185033,2.12487891575876,2.18287726382827,2.25157923571304
501_chr17,3.29972413193189,3.76629313784585,4.19055416326282,3.08096290512782,4.09479721344666,4.30345553021435,4.38063298498195,4.28853779660805,4.22104324095733,4.10870417805466,3.62997944103707,3.62977937024816,3.77762662235037,1.01873998891971,1.12789344180647,1.09866684782877,1.98808963134089,1.98688548432436,1.98843636454699,1.98769104606243,2.06271142584501,2.0619412638823,2.08678831480719,2.08735890064423,2.0456130770502,2.0043438705604,1.86549882917152,1.99619697351254,2.13910850857127,2.31044890559707,2.29893402644266,2.11826890288858,2.18503260185033,2.12487891575876,2.18287726382827,2.25157923571304
507_chr17,3.29972413193189,3.76629313784585,4.19055416326282,3.08096290512782,4.09479721344666,4.30345553021435,4.38063298498195,4.28853779660805,4.22104324095733,4.10870417805466,3.62997944103707,3.62977937024816,3.77762662235037,1.01873998891971,1.12789344180647,1.09866684782877,1.98808963134089,1.98688548432436,1.98843636454699,1.98769104606243,2.06271142584501,2.0619412638823,2.08678831480719,2.08735890064423,2.0456130770502,2.0043438705604,1.86549882917152,1.99619697351254,2.13910850857127,2.31044890559707,2.29893402644266,2.11826890288858,2.18503260185033,2.12487891575876,2.18287726382827,2.25157923571304
508_chr17,3.29972413193189,3.76629313784585,4.19055416326282,3.08096290512782,4.09479721344666,4.30345553021435,4.38063298498195,4.28853779660805,4.22104324095733,4.10870417805466,3.62997944103707,3.62977937024816,3.77762662235037,1.01873998891971,1.12789344180647,1.09866684782877,1.98808963134089,1.98688548432436,1.98843636454699,1.98769104606243,2.06271142584501,2.0619412638823,2.08678831480719,2.08735890064423,2.0456130770502,2.0043438705604,1.86549882917152,1.99619697351254,2.13910850857127,2.31044890559707,2.29893402644266,2.11826890288858,2.18503260185033,2.12487891575876,2.18287726382827,2.25157923571304
524_chr17,3.29972413193189,3.76629313784585,4.19055416326282,3.08096290512782,4.09479721344666,4.30345553021435,4.38063298498195,4.28853779660805,4.22104324095733,4.10870417805466,3.62997944103707,3.62977937024816,3.77762662235037,1.01873998891971,1.12789344180647,1.09866684782877,1.98808963134089,1.98688548432436,1.98843636454699,1.98769104606243,2.06271142584501,2.0619412638823,2.08678831480719,2.08735890064423,2.0456130770502,2.0043438705604,1.86549882917152,1.99619697351254,2.13910850857127,2.31044890559707,2.29893402644266,2.11826890288858,2.18503260185033,2.12487891575876,2.18287726382827,2.25157923571304
541_chr17,3.29972413193189,3.76629313784585,4.19055416326282,3.08096290512782,4.09479721344666,4.30345553021435,4.38063298498195,4.28853779660805,4.22104324095733,4.10870417805466,3.62997944103707,3.62977937024816,3.77762662235037,1.01873998891971,1.12789344180647,1.09866684782877,1.98808963134089,1.98688548432436,1.98843636454699,1.98769104606243,2.06271142584501,2.0619412638823,2.08678831480719,2.08735890064423,2.0456130770502,2.0043438705604,1.86549882917152,1.99619697351254,2.13910850857127,2.31044890559707,2.29893402644266,2.11826890288858,2.18503260185033,2.12487891575876,2.18287726382827,2.25157923571304
543_chr17,3.29972413193189,3.76629313784585,4.19055416326282,3.08096290512782,4.09479721344666,4.30345553021435,4.38063298498195,4.28853779660805,4.22104324095733,4.10870417805466,3.62997944103707,3.62977937024816,3.77762662235037,1.01873998891971,1.12789344180647,1.09866684782877,1.98808963134089,1.98688548432436,1.98843636454699,1.98769104606243,2.06271142584501,2.0619412638823,2.08678831480719,2.08735890064423,2.0456130770502,2.0043438705604,1.86549882917152,1.99619697351254,2.13910850857127,2.31044890559707,2.29893402644266,2.11826890288858,2.18503260185033,2.12487891575876,2.18287726382827,2.25157923571304
546_chr17,3.29972413193189,3.76629313784585,4.19055416326282,3.08096290512782,4.09479721344666,4.30345553021435,4.38063298498195,4.28853779660805,4.22104324095733,4.10870417805466,3.62997944103707,3.62977937024816,3.77762662235037,1.01873998891971,1.12789344180647,1.09866684782877,1.98808963134089,1.98688548432436,1.98843636454699,1.98769104606243,2.06271142584501,2.0619412638823,2.08678831480719,2.08735890064423,2.0456130770502,2.0043438705604,1.86549882917152,1.99619697351254,2.13910850857127,2.31044890559707,2.29893402644266,2.11826890288858,2.18503260185033,2.12487891575876,2.18287726382827,2.25157923571304
547_chr17,3.29972413193189,3.76629313784585,4.19055416326282,3.08096290512782,4.09479721344666,4.30345553021435,4.38063298498195,4.28853779660805,4.22104324095733,4.10870417805466,3.62997944103707,3.62977937024816,3.77762662235037,1.01873998891971,1.12789344180647,1.09866684782877,1.98808963134089,1.98688548432436,1.98843636454699,1.98769104606243,2.06271142584501,2.0619412638823,2.08678831480719,2.08735890064423,2.0456130770502,2.0043438705604,1.86549882917152,1.99619697351254,2.13910850857127,2.31044890559707,2.29893402644266,2.11826890288858,2.18503260185033,2.12487891575876,2.18287726382827,2.25157923571304
563_chr17,3.29972413193189,3.76629313784585,4.19055416326282,3.08096290512782,4.09479721344666,4.30345553021435,4.38063298498195,4.28853779660805,4.22104324095733,4.10870417805466,3.62997944103707,3.62977937024816,3.77762662235037,1.01873998891971,1.12789344180647,1.09866684782877,1.98808963134089,1.98688548432436,1.98843636454699,1.98769104606243,2.06271142584501,2.0619412638823,2.08678831480719,2.08735890064423,2.0456130770502,2.0043438705604,1.86549882917152,1.99619697351254,2.13910850857127,2.31044890559707,2.29893402644266,2.11826890288858,2.18503260185033,2.12487891575876,2.18287726382827,2.25157923571304
590_chr17,3.29972413193189,3.76629313784585,4.19055416326282,3.08096290512782,4.09479721344666,4.30345553021435,4.38063298498195,4.28853779660805,4.22104324095733,4.10870417805466,3.62997944103707,3.62977937024816,3.77762662235037,1.01873998891971,1.12789344180647,1.09866684782877,1.98808963134089,1.98688548432436,1.98843636454699,1.98769104606243,2.06271142584501,2.0619412638823,2.08678831480719,2.08735890064423,2.0456130770502,2.0043438705604,1.86549882917152,1.99619697351254,2.13910850857127,2.31044890559707,2.29893402644266,2.11826890288858,2.18503260185033,2.12487891575876,2.18287726382827,2.25157923571304
599_chr17,3.29972413193189,3.76629313784585,4.19055416326282,3.08096290512782,4.09479721344666,4.30345553021435,4.38063298498195,4.28853779660805,4.22104324095733,4.10870417805466,3.62997944103707,3.62977937024816,3.77762662235037,1.01873998891971,1.12789344180647,1.09866684782877,1.98808963134089,1.98688548432436,1.98843636454699,1.98769104606243,2.06271142584501,2.0619412638823,2.08678831480719,2.08735890064423,2.0456130770502,2.0043438705604,1.86549882917152,1.99619697351254,2.13910850857127,2.31044890559707,2.29893402644266,2.11826890288858,2.18503260185033,2.12487891575876,2.18287726382827,2.25157923571304
